timestamp,power_draw_w
1764288575,76.30
1764288576,76.23
1764288578,76.25
1764288580,84.93
1764288581,85.49
1764288582,225.80
1764288583,218.90
1764288584,300.99
1764288585,315.81
1764288586,314.36
1764288587,315.26
1764288588,312.62
1764288589,313.53
1764288590,314.76
1764288592,313.93
1764288593,313.16
1764288594,314.44
1764288595,315.14
1764288596,313.59
1764288597,312.90
1764288598,313.11
1764288599,313.76
1764288600,314.29
1764288601,314.03
1764288602,314.71
1764288603,314.10
1764288604,313.82
1764288605,305.33
1764288606,302.36
1764288607,306.30
1764288608,309.37
1764288609,309.66
1764288610,308.00
1764288611,306.17
1764288612,302.02
1764288613,309.51
1764288614,302.21
1764288615,306.38
1764288616,297.59
1764288617,302.04
1764288618,302.95
1764288619,300.50
1764288620,299.17
1764288621,300.66
1764288622,294.53
1764288623,301.75
1764288624,300.65
1764288625,300.90
1764288626,291.64
1764288627,296.92
1764288628,303.87
1764288629,291.17
1764288630,292.26
1764288632,289.22
1764288633,291.95
1764288634,290.81
1764288635,300.42
1764288636,284.04
1764288637,271.36
1764288638,266.64
1764288639,247.21
1764288640,242.04
1764288641,239.85
1764288642,239.38
1764288643,239.47
1764288644,222.61
1764288645,215.40
1764288646,235.17
1764288647,240.14
1764288648,239.36
1764288649,239.53
1764288650,239.45
1764288651,239.55
1764288652,239.30
1764288653,234.61
1764288654,232.04
1764288655,232.20
1764288656,232.73
1764288657,234.81
1764288658,236.06
1764288659,234.98
1764288660,232.13
1764288661,232.26
1764288662,231.86
1764288663,232.21
1764288664,232.04
1764288665,231.99
1764288666,231.85
1764288667,232.02
1764288668,231.93
1764288669,231.54
1764288670,231.16
1764288672,231.63
1764288673,231.83
1764288674,233.21
1764288675,235.49
1764288676,235.89
1764288677,223.45
1764288678,212.54
1764288679,213.39
1764288680,212.45
1764288681,211.87
1764288682,211.92
1764288683,212.77
1764288684,213.01
1764288685,212.91
1764288686,212.58
1764288687,212.77
1764288688,213.70
1764288689,212.49
1764288690,212.88
1764288691,212.56
1764288692,212.49
1764288693,212.93
1764288694,212.26
1764288695,212.47
1764288696,213.36
1764288697,212.84
1764288698,213.04
1764288699,212.56
1764288700,212.71
1764288701,213.07
1764288702,213.29
1764288703,211.88
1764288704,213.05
1764288705,213.05
1764288706,213.28
1764288707,212.65
1764288708,211.86
1764288709,204.62
1764288711,202.88
1764288712,223.74
1764288713,223.63
1764288714,223.49
1764288715,223.50
1764288716,223.60
1764288717,223.88
1764288718,223.68
1764288719,223.43
1764288720,223.26
1764288721,223.53
1764288722,223.75
1764288723,223.90
1764288724,223.67
1764288725,223.56
1764288726,223.14
1764288727,223.56
1764288728,223.27
1764288729,223.42
1764288730,223.14
1764288731,224.12
1764288732,223.58
1764288733,223.39
1764288734,223.20
1764288735,223.32
1764288736,223.46
1764288737,223.57
1764288738,223.85
1764288739,223.86
1764288740,223.83
1764288741,223.74
1764288742,224.10
1764288743,223.58
1764288744,223.28
1764288745,223.87
1764288746,223.71
1764288747,223.36
1764288748,222.99
1764288750,222.99
1764288751,223.13
1764288752,223.37
1764288753,223.52
1764288754,223.89
1764288755,224.08
1764288756,224.04
1764288757,223.68
1764288758,223.65
1764288759,223.70
1764288760,223.61
1764288761,223.36
1764288762,223.34
1764288763,223.56
1764288764,223.72
1764288765,222.95
1764288766,223.32
1764288767,223.27
1764288768,223.05
1764288769,223.24
1764288770,223.58
1764288771,223.47
1764288772,223.25
1764288773,223.95
1764288774,212.94
1764288775,209.37
1764288776,228.45
1764288777,228.58
1764288778,228.50
1764288779,228.56
1764288780,228.80
1764288781,228.76
1764288782,229.34
1764288783,228.93
1764288784,229.01
1764288785,228.86
1764288786,229.03
1764288787,228.56
1764288788,228.31
1764288790,228.80
1764288791,228.90
1764288792,229.05
1764288793,228.94
1764288794,228.36
1764288795,228.47
1764288796,228.52
1764288797,229.02
1764288798,228.57
1764288799,228.97
1764288800,228.80
1764288801,229.49
1764288802,229.59
1764288803,229.55
1764288804,229.44
1764288805,228.56
1764288806,229.28
1764288807,229.27
1764288808,229.40
1764288809,229.70
1764288810,228.81
1764288811,228.72
1764288812,228.90
1764288813,228.91
1764288814,228.70
1764288815,228.88
1764288816,229.04
1764288817,229.34
1764288818,229.24
1764288819,229.02
1764288820,229.10
1764288821,229.00
1764288822,229.74
1764288823,229.73
1764288824,228.85
1764288825,229.22
1764288827,228.70
1764288828,228.57
1764288829,228.69
1764288830,229.10
1764288831,228.44
1764288832,229.15
1764288833,228.74
1764288834,228.83
1764288835,228.42
1764288836,228.62
1764288837,229.11
1764288838,229.21
1764288839,218.44
1764288840,212.97
1764288841,233.64
1764288842,233.08
1764288843,233.32
1764288844,232.93
1764288845,233.55
1764288846,234.02
1764288847,233.33
1764288848,233.54
1764288849,233.50
1764288850,233.10
1764288851,232.74
1764288852,233.29
1764288853,234.14
1764288854,233.32
1764288855,233.99
1764288856,234.08
1764288857,233.41
1764288858,234.38
1764288859,233.53
1764288860,233.60
1764288861,234.87
1764288862,234.37
1764288863,233.88
1764288864,232.86
1764288866,234.41
1764288867,233.16
1764288868,233.13
1764288869,233.18
1764288870,234.02
1764288871,233.99
1764288872,233.09
1764288873,233.23
1764288874,233.96
1764288875,234.18
1764288876,233.35
1764288877,233.42
1764288878,233.26
1764288879,233.40
1764288880,232.85
1764288881,234.19
1764288882,234.67
1764288883,233.74
1764288884,233.19
1764288885,233.74
1764288886,234.36
1764288887,233.23
1764288888,233.32
1764288889,234.09
1764288890,234.43
1764288891,233.96
1764288892,233.04
1764288893,232.91
1764288894,233.98
1764288895,233.05
1764288896,233.23
1764288897,234.04
1764288898,234.18
1764288899,233.72
1764288900,233.19
1764288901,233.43
1764288902,224.77
1764288903,215.57
1764288905,229.43
1764288906,233.60
1764288907,233.57
1764288908,233.67
1764288909,233.40
1764288910,233.45
1764288911,234.16
1764288912,233.09
1764288913,234.06
1764288914,233.05
1764288915,232.82
1764288916,233.88
1764288917,233.63
1764288918,233.92
1764288919,234.23
1764288920,233.34
1764288921,233.19
1764288922,219.92
1764288923,219.30
1764288924,218.62
1764288925,219.71
1764288926,219.23
1764288927,219.74
1764288928,219.85
1764288929,219.38
1764288930,219.55
1764288931,219.16
1764288932,219.42
1764288933,219.72
1764288934,219.40
1764288935,219.15
1764288936,218.89
1764288937,218.88
1764288938,219.63
1764288939,219.27
1764288940,219.74
1764288941,219.15
1764288942,219.34
1764288944,219.36
1764288945,219.60
1764288946,219.33
1764288947,220.18
1764288948,219.89
1764288949,219.45
1764288950,219.22
1764288951,219.13
1764288952,219.13
1764288953,219.38
1764288954,219.14
1764288955,219.36
1764288956,218.74
1764288957,219.44
1764288958,219.19
1764288959,219.02
1764288960,219.39
1764288961,219.79
1764288962,219.75
1764288963,219.56
1764288964,219.41
1764288965,219.09
1764288966,219.53
1764288967,212.44
1764288968,213.12
1764288969,205.12
1764288970,219.33
1764288971,219.40
1764288972,219.63
1764288973,219.32
1764288974,218.96
1764288975,219.05
1764288976,219.18
1764288977,219.29
1764288978,219.29
1764288979,219.38
1764288980,219.42
1764288981,219.53
1764288982,219.70
1764288984,219.52
1764288985,219.55
1764288986,219.51
1764288987,220.22
1764288988,219.88
1764288989,219.82
1764288990,219.63
1764288991,219.84
1764288992,219.49
1764288993,219.82
1764288994,219.58
1764288995,219.12
1764288996,219.56
1764288997,219.30
1764288998,219.48
1764288999,219.24
1764289000,219.88
1764289001,219.55
1764289002,219.72
1764289003,219.65
1764289004,219.88
1764289005,219.34
1764289006,219.48
1764289007,219.45
1764289008,219.45
1764289009,219.69
1764289010,219.53
1764289011,219.74
1764289012,219.21
1764289013,219.01
1764289014,218.97
1764289015,219.39
1764289016,218.89
1764289017,219.61
1764289018,219.43
1764289019,219.25
1764289020,218.80
1764289021,219.14
1764289023,218.77
1764289024,219.44
1764289025,219.17
1764289026,219.27
1764289027,219.38
1764289028,219.33
1764289029,219.07
1764289030,219.60
1764289031,218.96
1764289032,219.42
1764289033,211.05
1764289034,202.86
1764289035,225.29
1764289036,225.10
1764289037,224.00
1764289038,224.94
1764289039,224.94
1764289040,225.23
1764289041,224.90
1764289042,225.06
1764289043,224.67
1764289044,225.27
1764289045,225.53
1764289046,224.98
1764289047,224.96
1764289048,224.78
1764289049,224.49
1764289050,224.59
1764289051,224.45
1764289052,224.22
1764289053,224.48
1764289054,224.25
1764289055,224.70
1764289056,224.38
1764289057,224.92
1764289058,225.17
1764289059,225.02
1764289060,224.51
1764289062,224.45
1764289063,224.33
1764289064,224.40
1764289065,224.64
1764289066,225.26
1764289067,225.04
1764289068,224.97
1764289069,224.64
1764289070,224.10
1764289071,223.97
1764289072,224.65
1764289073,224.64
1764289074,224.60
1764289075,224.14
1764289076,223.68
1764289077,224.27
1764289078,224.39
1764289079,224.25
1764289080,224.14
1764289081,223.85
1764289082,224.14
1764289083,224.10
1764289084,224.11
1764289085,224.47
1764289086,224.06
1764289087,224.48
1764289088,224.30
1764289089,223.88
1764289090,224.22
1764289091,223.93
1764289092,224.33
1764289093,224.72
1764289094,224.22
1764289095,224.30
1764289096,223.89
1764289097,214.76
1764289098,210.40
1764289099,212.22
1764289100,230.32
1764289102,229.27
1764289103,229.70
1764289104,229.20
1764289105,230.07
1764289106,229.80
1764289107,229.79
1764289108,229.53
1764289109,229.70
1764289110,230.16
1764289111,229.62
1764289112,229.64
1764289113,229.34
1764289114,230.20
1764289115,229.93
1764289116,229.71
1764289117,229.33
1764289118,229.19
1764289119,229.74
1764289120,229.82
1764289121,229.50
1764289122,229.09
1764289123,229.32
1764289124,229.55
1764289125,229.46
1764289126,229.68
1764289127,229.43
1764289128,229.29
1764289129,229.06
1764289130,229.07
1764289131,229.29
1764289132,229.25
1764289133,229.43
1764289134,229.09
1764289135,229.30
1764289136,229.41
1764289137,229.84
1764289138,229.09
1764289139,229.49
1764289141,229.13
1764289142,229.66
1764289143,229.39
1764289144,229.80
1764289145,229.63
1764289146,229.71
1764289147,229.73
1764289148,230.41
1764289149,229.79
1764289150,229.22
1764289151,229.38
1764289152,229.85
1764289153,229.67
1764289154,229.42
1764289155,229.24
1764289156,229.19
1764289157,229.86
1764289158,229.10
1764289159,229.83
1764289160,229.76
1764289161,230.56
1764289162,219.42
1764289163,212.51
1764289164,233.53
1764289165,234.42
1764289166,234.64
1764289167,234.15
1764289168,234.36
1764289169,234.24
1764289170,235.01
1764289171,234.80
1764289172,234.75
1764289173,234.93
1764289174,234.94
1764289175,235.10
1764289176,234.95
1764289177,235.26
1764289178,231.17
1764289180,227.10
1764289181,227.31
1764289182,226.66
1764289183,226.60
1764289184,226.56
1764289185,226.73
1764289186,226.50
1764289187,226.69
1764289188,227.11
1764289189,226.72
1764289190,226.64
1764289191,226.99
1764289192,226.95
1764289193,226.96
1764289194,226.73
1764289195,227.07
1764289196,227.03
1764289197,226.80
1764289198,226.40
1764289199,226.24
1764289200,227.00
1764289201,226.77
1764289202,227.06
1764289203,226.69
1764289204,215.13
1764289205,212.43
1764289206,211.92
1764289207,212.45
1764289208,212.07
1764289209,212.06
1764289210,211.84
1764289211,212.16
1764289212,211.69
1764289213,213.09
1764289214,213.36
1764289215,212.41
1764289216,212.17
1764289217,212.10
1764289219,212.92
1764289220,211.84
1764289221,211.14
1764289222,211.98
1764289223,212.57
1764289224,212.09
1764289225,212.14
1764289226,212.56
1764289227,204.91
1764289228,211.28
1764289229,144.89
1764289230,306.14
1764289231,314.64
1764289232,314.02
1764289233,315.22
1764289234,313.90
1764289235,312.89
1764289236,284.73
1764289237,278.44
1764289238,277.23
1764289239,279.32
1764289240,270.96
1764289241,248.62
1764289242,231.35
1764289243,221.80
1764289244,217.17
1764289245,212.08
1764289246,212.34
1764289247,212.30
1764289248,211.85
1764289249,206.18
1764289250,204.12
1764289251,204.24
1764289252,204.08
1764289253,204.72
1764289254,204.69
1764289255,204.61
1764289256,205.00
1764289257,204.74
1764289259,204.68
1764289260,204.26
1764289261,204.15
1764289262,204.51
1764289263,204.55
1764289264,204.35
1764289265,204.76
1764289266,203.94
1764289267,204.18
1764289268,204.10
1764289269,204.56
1764289270,204.18
1764289271,204.34
1764289272,203.89
1764289273,204.35
1764289274,203.74
1764289275,204.31
1764289276,204.05
1764289277,204.33
1764289278,204.58
1764289279,204.30
1764289280,204.56
1764289281,204.00
1764289282,204.47
1764289283,203.93
1764289284,204.28
1764289285,204.37
1764289286,204.98
1764289287,204.10
1764289288,205.01
1764289289,204.75
1764289290,204.42
1764289291,204.73
1764289292,204.25
1764289293,197.16
1764289294,190.79
1764289295,209.94
1764289296,210.37
1764289298,209.99
1764289299,210.05
1764289300,209.48
1764289301,209.83
1764289302,210.21
1764289303,209.85
1764289304,210.35
1764289305,209.93
1764289306,210.45
1764289307,209.56
1764289308,210.02
1764289309,210.47
1764289310,210.21
1764289311,209.83
1764289312,209.62
1764289313,210.28
1764289314,209.76
1764289315,209.41
1764289316,210.26
1764289317,209.61
1764289318,209.35
1764289319,209.74
1764289320,210.05
1764289321,209.68
1764289322,209.74
1764289323,209.92
1764289324,210.18
1764289325,209.59
1764289326,209.70
1764289327,210.36
1764289328,209.47
1764289329,209.93
1764289330,210.05
1764289331,210.02
1764289332,209.30
1764289333,209.00
1764289334,209.83
1764289335,209.38
1764289336,209.85
1764289338,209.28
1764289339,209.74
1764289340,209.62
1764289341,209.40
1764289342,210.09
1764289343,210.07
1764289344,209.79
1764289345,209.66
1764289346,209.92
1764289347,209.59
1764289348,209.55
1764289349,209.52
1764289350,209.58
1764289351,210.23
1764289352,209.67
1764289353,210.46
1764289354,209.23
1764289355,209.27
1764289356,209.61
1764289357,209.46
1764289358,209.65
1764289359,200.69
1764289360,201.01
1764289361,243.82
1764289362,316.71
1764289363,317.13
1764289364,317.88
1764289365,316.84
1764289366,316.64
1764289367,317.46
1764289368,314.54
1764289369,314.52
1764289370,308.15
1764289371,310.76
1764289372,312.39
1764289373,294.89
1764289374,274.93
1764289375,269.38
1764289377,249.54
1764289378,231.46
1764289379,231.02
1764289380,230.53
1764289381,231.13
1764289382,231.20
1764289383,231.27
1764289384,231.10
1764289385,223.06
1764289386,216.33
1764289387,216.37
1764289388,207.67
1764289389,201.73
1764289390,201.80
1764289391,202.20
1764289392,201.57
1764289393,201.65
1764289394,201.63
1764289395,201.67
1764289396,202.09
1764289397,201.99
1764289398,201.69
1764289399,201.99
1764289400,202.06
1764289401,201.98
1764289402,201.83
1764289403,201.77
1764289404,202.17
1764289405,202.09
1764289406,202.04
1764289407,201.71
1764289408,201.83
1764289409,202.39
1764289410,201.81
1764289411,201.86
1764289412,201.72
1764289413,201.93
1764289415,201.89
1764289416,201.92
1764289417,202.48
1764289418,201.79
1764289419,202.70
1764289420,202.02
1764289421,201.57
1764289422,201.66
1764289423,202.46
1764289424,202.27
1764289425,195.32
1764289426,188.94
1764289427,207.32
1764289428,207.13
1764289429,207.44
1764289430,206.95
1764289431,207.01
1764289432,207.16
1764289433,207.62
1764289434,207.79
1764289435,207.14
1764289436,206.90
1764289437,207.08
1764289438,207.27
1764289439,207.20
1764289440,208.07
1764289441,208.20
1764289442,207.31
1764289443,207.73
1764289444,207.83
1764289445,207.40
1764289446,207.44
1764289447,208.20
1764289448,207.71
1764289449,207.60
1764289450,207.46
1764289451,207.15
1764289452,206.66
1764289453,207.55
1764289455,207.86
1764289456,207.96
1764289457,207.55
1764289458,207.66
1764289459,207.54
1764289460,206.99
1764289461,207.62
1764289462,207.93
1764289463,207.30
1764289464,207.42
1764289465,207.25
1764289466,207.13
1764289467,207.12
1764289468,208.14
1764289469,207.71
1764289470,207.27
1764289471,207.36
1764289472,206.91
1764289473,206.48
1764289474,207.21
1764289475,207.14
1764289476,206.83
1764289477,207.24
1764289478,207.53
1764289479,207.06
1764289480,207.88
1764289481,207.43
1764289482,207.46
1764289483,207.67
1764289484,207.06
1764289485,207.33
1764289486,206.85
1764289487,207.40
1764289488,207.25
1764289489,207.32
1764289491,201.02
1764289492,203.02
1764289493,244.11
1764289494,317.29
1764289495,317.62
1764289496,318.54
1764289497,317.13
1764289498,316.64
1764289499,317.36
1764289500,318.34
1764289501,316.39
1764289502,315.05
1764289503,311.24
1764289504,313.57
1764289505,307.51
1764289506,292.29
1764289507,288.40
1764289508,285.98
1764289509,284.60
1764289510,270.78
1764289511,239.06
1764289512,225.01
1764289513,210.83
1764289514,209.28
1764289515,205.34
1764289516,205.54
1764289517,205.73
1764289518,205.44
1764289519,205.31
1764289520,205.17
1764289521,204.99
1764289522,205.31
1764289523,205.23
1764289524,204.95
1764289525,204.82
1764289526,205.34
1764289527,204.73
1764289528,205.14
1764289530,205.01
1764289531,205.12
1764289532,204.58
1764289533,205.41
1764289534,204.70
1764289535,205.04
1764289536,205.25
1764289537,205.10
1764289538,205.10
1764289539,205.33
1764289540,205.52
1764289541,204.89
1764289542,205.30
1764289543,204.50
1764289544,205.76
1764289545,205.21
1764289546,205.33
1764289547,205.51
1764289548,205.40
1764289549,205.18
1764289550,205.50
1764289551,205.24
1764289552,205.81
1764289553,204.99
1764289554,205.16
1764289555,204.68
1764289556,197.24
1764289557,193.09
1764289558,215.34
1764289559,216.05
1764289560,215.46
1764289561,216.16
1764289562,215.86
1764289563,216.06
1764289564,216.52
1764289565,216.33
1764289566,216.16
1764289567,215.86
1764289569,215.63
1764289570,215.71
1764289571,215.66
1764289572,216.03
1764289573,215.46
1764289574,216.37
1764289575,215.58
1764289576,215.11
1764289577,215.80
1764289578,215.61
1764289579,215.67
1764289580,215.65
1764289581,216.35
1764289582,216.45
1764289583,215.70
1764289584,215.81
1764289585,215.91
1764289586,216.30
1764289587,216.33
1764289588,216.20
1764289589,215.48
1764289590,216.54
1764289591,216.11
1764289592,216.10
1764289593,216.01
1764289594,215.91
1764289595,215.69
1764289596,215.82
1764289597,216.09
1764289598,215.60
1764289599,215.93
1764289600,215.65
1764289601,216.26
1764289602,215.88
1764289603,215.98
1764289604,215.96
1764289605,216.00
1764289606,216.29
1764289608,216.12
1764289609,215.82
1764289610,216.23
1764289611,216.38
1764289612,216.24
1764289613,216.02
1764289614,215.76
1764289615,215.79
1764289616,215.72
1764289617,215.93
1764289618,216.15
1764289619,215.73
1764289620,216.15
1764289621,215.55
1764289622,206.48
1764289623,201.93
1764289624,226.56
1764289625,226.12
1764289626,226.69
1764289627,226.76
1764289628,226.52
1764289629,226.75
1764289630,226.45
1764289631,226.11
1764289632,225.99
1764289633,226.40
1764289634,226.66
1764289635,226.43
1764289636,225.89
1764289637,226.17
1764289638,226.58
1764289639,226.76
1764289640,226.18
1764289641,226.43
1764289642,226.35
1764289643,226.58
1764289644,226.51
1764289645,226.29
1764289646,226.49
1764289648,225.96
1764289649,226.70
1764289650,226.27
1764289651,226.42
1764289652,226.14
1764289653,226.34
1764289654,226.00
1764289655,226.30
1764289656,226.01
1764289657,226.09
1764289658,225.96
1764289659,226.30
1764289660,227.00
1764289661,225.97
1764289662,226.43
1764289663,226.36
1764289664,226.42
1764289665,226.41
1764289666,226.28
1764289667,226.44
1764289668,226.12
1764289669,225.79
1764289670,225.93
1764289671,225.62
1764289672,226.18
1764289673,226.18
1764289674,225.79
1764289675,226.03
1764289676,226.02
1764289677,225.76
1764289678,226.19
1764289679,226.29
1764289680,226.00
1764289681,225.78
1764289682,225.51
1764289683,226.00
1764289684,225.68
1764289685,225.61
1764289687,216.99
1764289688,209.97
1764289689,230.62
1764289690,231.31
1764289691,231.22
1764289692,230.70
1764289693,231.29
1764289694,230.92
1764289695,230.64
1764289696,230.62
1764289697,231.42
1764289698,230.91
1764289699,230.77
1764289700,231.00
1764289701,231.11
1764289702,230.93
1764289703,230.85
1764289704,231.45
1764289705,231.39
1764289706,230.93
1764289707,230.96
1764289708,231.23
1764289709,231.17
1764289710,231.25
1764289711,231.13
1764289712,231.31
1764289713,230.93
1764289714,231.24
1764289715,231.38
1764289716,230.94
1764289717,230.92
1764289718,231.14
1764289719,231.26
1764289720,231.35
1764289721,230.96
1764289722,231.29
1764289723,231.18
1764289724,231.11
1764289726,231.26
1764289727,231.25
1764289728,231.68
1764289729,231.38
1764289730,230.82
1764289731,231.24
1764289732,231.20
1764289733,231.50
1764289734,231.03
1764289735,230.97
1764289736,231.36
1764289737,231.27
1764289738,231.08
1764289739,231.39
1764289740,231.40
1764289741,230.84
1764289742,231.04
1764289743,231.70
1764289744,231.53
1764289745,231.01
1764289746,231.23
1764289747,231.27
1764289748,230.97
1764289749,231.29
1764289750,219.44
1764289751,220.48
1764289752,213.17
1764289753,231.11
1764289754,231.01
1764289755,231.30
1764289756,230.96
1764289757,230.60
1764289758,230.71
1764289759,231.33
1764289760,231.61
1764289761,231.29
1764289762,231.45
1764289763,230.77
1764289765,231.33
1764289766,231.23
1764289767,231.48
1764289768,231.49
1764289769,231.25
1764289770,231.04
1764289771,231.37
1764289772,231.04
1764289773,230.99
1764289774,231.55
1764289775,231.23
1764289776,231.46
1764289777,231.11
1764289778,231.64
1764289779,231.22
1764289780,230.92
1764289781,230.86
1764289782,231.57
1764289783,231.63
1764289784,230.74
1764289785,226.60
1764289786,227.00
1764289787,226.65
1764289788,226.83
1764289789,226.01
1764289790,226.09
1764289791,226.30
1764289792,226.53
1764289793,227.04
1764289794,226.39
1764289795,219.87
1764289796,218.62
1764289797,217.09
1764289798,217.01
1764289799,217.03
1764289800,216.99
1764289801,216.97
1764289802,216.78
1764289804,216.57
1764289805,216.92
1764289806,216.81
1764289807,217.43
1764289808,217.02
1764289809,217.10
1764289810,216.92
1764289811,216.67
1764289812,216.98
1764289813,216.82
1764289814,217.23
1764289815,214.64
1764289816,206.43
1764289817,202.84
1764289818,221.82
1764289819,222.16
1764289820,222.05
1764289821,222.12
1764289822,221.24
1764289823,222.16
1764289824,221.86
1764289825,221.72
1764289826,222.00
1764289827,221.49
1764289828,221.65
1764289829,221.89
1764289830,222.56
1764289831,222.27
1764289832,222.13
1764289833,221.53
1764289834,221.92
1764289835,221.92
1764289836,221.74
1764289837,221.61
1764289838,221.99
1764289839,222.47
1764289840,222.36
1764289841,221.73
1764289843,222.14
1764289844,222.10
1764289845,222.11
1764289846,222.38
1764289847,222.01
1764289848,221.89
1764289849,222.12
1764289850,222.00
1764289851,222.10
1764289852,222.16
1764289853,222.11
1764289854,221.79
1764289855,221.49
1764289856,221.90
1764289857,222.09
1764289858,222.02
1764289859,221.68
1764289860,222.37
1764289861,221.27
1764289862,221.37
1764289863,222.71
1764289864,222.09
1764289865,221.68
1764289866,221.93
1764289867,222.23
1764289868,222.04
1764289869,222.46
1764289870,221.97
1764289871,221.65
1764289872,221.85
1764289873,222.07
1764289874,222.49
1764289875,222.13
1764289876,222.43
1764289877,222.17
1764289878,222.03
1764289879,222.60
1764289880,213.98
1764289881,185.96
1764289883,216.34
1764289884,313.90
1764289885,314.69
1764289886,314.87
1764289887,312.52
1764289888,311.36
1764289889,280.84
1764289890,275.63
1764289891,273.41
1764289892,271.04
1764289893,264.90
1764289894,243.57
1764289895,225.22
1764289896,208.60
1764289897,204.70
1764289898,204.14
1764289899,204.28
1764289900,204.59
1764289901,204.57
1764289902,204.56
1764289903,204.90
1764289904,204.29
1764289905,204.17
1764289906,204.64
1764289907,203.99
1764289908,204.14
1764289909,204.00
1764289910,204.20
1764289911,203.82
1764289912,204.16
1764289913,203.88
1764289914,204.15
1764289915,204.55
1764289916,204.65
1764289917,205.01
1764289918,204.50
1764289919,204.97
1764289920,204.46
1764289922,204.36
1764289923,203.87
1764289924,204.97
1764289925,204.36
1764289926,204.83
1764289927,204.12
1764289928,204.83
1764289929,204.54
1764289930,204.83
1764289931,204.46
1764289932,204.61
1764289933,203.92
1764289934,204.74
1764289935,204.10
1764289936,204.42
1764289937,205.34
1764289938,204.54
1764289939,204.94
1764289940,204.81
1764289941,204.44
1764289942,203.85
1764289943,204.47
1764289944,204.03
1764289945,204.24
1764289946,204.69
1764289947,195.59
1764289948,192.75
1764289949,215.70
1764289950,215.67
1764289951,215.29
1764289952,215.24
1764289953,215.13
1764289954,215.30
1764289955,215.21
1764289956,215.61
1764289957,215.60
1764289958,214.88
1764289959,214.97
1764289961,215.09
1764289962,215.48
1764289963,215.37
1764289964,216.06
1764289965,216.15
1764289966,215.50
1764289967,215.24
1764289968,214.91
1764289969,214.76
1764289970,215.39
1764289971,215.41
1764289972,215.46
1764289973,215.84
1764289974,215.48
1764289975,215.61
1764289976,215.59
1764289977,215.89
1764289978,215.48
1764289979,215.09
1764289980,215.17
1764289981,215.17
1764289982,215.02
1764289983,215.27
1764289984,214.96
1764289985,214.91
1764289986,215.07
1764289987,215.30
1764289988,214.98
1764289989,215.28
1764289990,215.29
1764289991,215.28
1764289992,215.47
1764289993,215.27
1764289994,215.24
1764289995,215.32
1764289996,214.96
1764289997,215.14
1764289998,215.14
1764289999,215.14
1764290001,215.33
1764290002,215.08
1764290003,215.38
1764290004,215.02
1764290005,214.61
1764290006,215.61
1764290007,215.42
1764290008,214.90
1764290009,215.48
1764290010,215.21
1764290011,215.08
1764290012,215.28
1764290013,203.78
1764290014,200.88
1764290015,220.10
1764290016,220.23
1764290017,220.46
1764290018,220.10
1764290019,220.34
1764290020,220.28
1764290021,220.12
1764290022,220.18
1764290023,220.36
1764290024,220.14
1764290025,220.29
1764290026,220.38
1764290027,219.97
1764290028,219.89
1764290029,220.06
1764290030,220.31
1764290031,219.82
1764290032,219.95
1764290033,219.36
1764290034,220.04
1764290035,220.25
1764290036,219.97
1764290037,219.99
1764290038,220.34
1764290040,219.65
1764290041,220.18
1764290042,219.61
1764290043,219.57
1764290044,220.09
1764290045,220.38
1764290046,219.87
1764290047,219.70
1764290048,220.09
1764290049,219.91
1764290050,219.54
1764290051,219.96
1764290052,219.89
1764290053,219.74
1764290054,220.45
1764290055,219.69
1764290056,220.05
1764290057,219.24
1764290058,219.90
1764290059,219.97
1764290060,220.08
1764290061,219.50
1764290062,219.58
1764290063,219.74
1764290064,220.01
1764290065,219.41
1764290066,219.77
1764290067,219.58
1764290068,220.02
1764290069,219.99
1764290070,219.54
1764290071,220.04
1764290072,219.73
1764290073,219.84
1764290074,220.22
1764290075,219.87
1764290076,219.82
1764290077,212.62
1764290078,210.32
1764290080,226.14
1764290081,230.73
1764290082,230.62
1764290083,230.64
1764290084,229.85
1764290085,230.01
1764290086,230.51
1764290087,230.89
1764290088,230.29
1764290089,230.50
1764290090,230.39
1764290091,230.77
1764290092,230.41
1764290093,230.16
1764290094,230.53
1764290095,230.53
1764290096,230.76
1764290097,230.60
1764290098,230.45
1764290099,230.11
1764290100,230.11
1764290101,230.52
1764290102,230.64
1764290103,230.57
1764290104,231.39
1764290105,230.76
1764290106,230.66
1764290107,230.66
1764290108,230.91
1764290109,230.78
1764290110,230.89
1764290111,230.74
1764290112,230.65
1764290113,230.29
1764290114,230.20
1764290115,230.41
1764290116,230.51
1764290117,230.68
1764290119,230.76
1764290120,230.61
1764290121,230.33
1764290122,230.65
1764290123,230.95
1764290124,230.52
1764290125,230.53
1764290126,230.87
1764290127,230.63
1764290128,230.41
1764290129,231.05
1764290130,230.96
1764290131,230.59
1764290132,230.83
1764290133,230.60
1764290134,230.66
1764290135,230.85
1764290136,230.94
1764290137,230.43
1764290138,230.91
1764290139,230.91
1764290140,230.66
1764290141,230.76
1764290142,219.41
1764290143,211.95
1764290144,230.68
1764290145,230.57
1764290146,230.79
1764290147,230.87
1764290148,230.56
1764290149,230.72
1764290150,230.08
1764290151,230.91
1764290152,230.91
1764290153,230.84
1764290154,230.83
1764290155,230.74
1764290156,230.79
1764290158,230.42
1764290159,230.68
1764290160,230.96
1764290161,230.26
1764290162,230.60
1764290163,230.35
1764290164,231.02
1764290165,230.69
1764290166,231.04
1764290167,231.04
1764290168,231.01
1764290169,231.01
1764290170,231.01
1764290171,231.41
1764290172,230.35
1764290173,230.74
1764290174,230.53
1764290175,230.37
1764290176,231.06
1764290177,230.71
1764290178,230.96
1764290179,230.50
1764290180,230.76
1764290181,231.20
1764290182,231.18
1764290183,230.73
1764290184,230.46
1764290185,230.64
1764290186,230.74
1764290187,230.17
1764290188,230.76
1764290189,230.47
1764290190,230.45
1764290191,230.04
1764290192,218.83
1764290193,214.80
1764290194,214.80
1764290195,213.84
1764290197,213.89
1764290198,214.26
1764290199,214.57
1764290200,215.22
1764290201,214.24
1764290202,214.94
1764290203,214.68
1764290204,214.67
1764290205,214.47
1764290206,214.33
1764290207,205.02
1764290208,198.20
1764290209,214.14
1764290210,214.05
1764290211,214.66
1764290212,215.04
1764290213,214.95
1764290214,215.23
1764290215,214.73
1764290216,214.11
1764290217,214.84
1764290218,214.96
1764290219,215.04
1764290220,214.73
1764290221,214.65
1764290222,214.24
1764290223,214.54
1764290224,214.59
1764290225,214.65
1764290226,214.76
1764290227,215.13
1764290228,214.90
1764290229,214.69
1764290230,214.67
1764290231,214.95
1764290232,214.92
1764290233,214.36
1764290234,214.60
1764290236,215.11
1764290237,214.83
1764290238,214.77
1764290239,215.07
1764290240,214.85
1764290241,214.54
1764290242,214.70
1764290243,214.14
1764290244,214.78
1764290245,214.78
1764290246,214.70
1764290247,214.50
1764290248,214.84
1764290249,214.98
1764290250,215.39
1764290251,214.55
1764290252,214.56
1764290253,214.93
1764290254,214.26
1764290255,214.35
1764290256,214.49
1764290257,214.77
1764290258,214.63
1764290259,214.34
1764290260,214.31
1764290261,214.82
1764290262,214.63
1764290263,214.71
1764290264,214.96
1764290265,214.56
1764290266,214.73
1764290267,214.33
1764290268,214.25
1764290269,215.04
1764290270,214.68
1764290271,214.54
1764290272,208.10
1764290273,212.56
1764290274,316.93
1764290276,317.85
1764290277,317.61
1764290278,317.70
1764290279,316.18
1764290280,312.83
1764290281,313.71
1764290282,305.51
1764290283,269.81
1764290284,239.58
1764290285,232.79
1764290286,232.68
1764290287,232.26
1764290288,232.83
1764290289,232.80
1764290290,232.80
1764290291,232.52
1764290292,231.77
1764290293,228.08
1764290294,223.78
1764290295,223.93
1764290296,223.74
1764290297,223.63
1764290298,219.80
1764290299,218.14
1764290300,217.78
1764290301,214.48
1764290302,209.25
1764290303,208.60
1764290304,208.41
1764290305,208.57
1764290306,208.57
1764290307,208.07
1764290308,207.96
1764290309,208.45
1764290310,207.94
1764290311,208.60
1764290312,207.77
1764290313,208.72
1764290315,208.33
1764290316,208.21
1764290317,208.04
1764290318,207.96
1764290319,207.83
1764290320,208.86
1764290321,208.38
1764290322,208.27
1764290323,208.75
1764290324,208.72
1764290325,207.96
1764290326,208.12
1764290327,208.21
1764290328,208.43
1764290329,208.30
1764290330,208.62
1764290331,207.95
1764290332,208.22
1764290333,207.77
1764290334,208.61
1764290335,209.12
1764290336,208.89
1764290337,201.38
1764290338,207.04
1764290339,257.34
1764290340,317.08
1764290341,317.52
1764290342,316.00
1764290343,316.76
1764290344,316.24
1764290345,312.51
1764290346,304.53
1764290347,277.74
1764290348,259.85
1764290349,234.92
1764290350,224.26
1764290351,222.29
1764290352,216.34
1764290354,215.78
1764290355,216.08
1764290356,215.41
1764290357,215.37
1764290358,216.16
1764290359,208.44
1764290360,199.05
1764290361,198.97
1764290362,198.94
1764290363,198.79
1764290364,198.85
1764290365,198.93
1764290366,198.88
1764290367,198.90
1764290368,199.01
1764290369,198.86
1764290370,199.25
1764290371,198.82
1764290372,198.79
1764290373,198.58
1764290374,199.01
1764290375,198.95
1764290376,198.59
1764290377,199.00
1764290378,198.85
1764290379,198.54
1764290380,198.85
1764290381,199.19
1764290382,199.23
1764290383,198.68
1764290384,198.74
1764290385,199.11
1764290386,198.86
1764290387,199.35
1764290388,199.31
1764290389,198.91
1764290390,199.09
1764290391,199.04
1764290392,198.77
1764290394,198.80
1764290395,198.63
1764290396,198.41
1764290397,198.29
1764290398,198.07
1764290399,198.28
1764290400,198.65
1764290401,198.30
1764290402,198.39
1764290403,198.68
1764290404,191.24
1764290405,182.63
1764290406,203.98
1764290407,203.77
1764290408,204.07
1764290409,203.52
1764290410,203.87
1764290411,203.79
1764290412,204.08
1764290413,203.73
1764290414,203.98
1764290415,203.81
1764290416,203.90
1764290417,203.78
1764290418,203.85
1764290419,203.51
1764290420,204.13
1764290421,203.86
1764290422,203.63
1764290423,204.43
1764290424,203.70
1764290425,204.40
1764290426,203.53
1764290427,203.96
1764290428,203.86
1764290429,203.55
1764290430,203.92
1764290432,203.38
1764290433,204.16
1764290434,204.15
1764290435,204.18
1764290436,204.07
1764290437,203.61
1764290438,203.79
1764290439,203.24
1764290440,204.10
1764290441,203.38
1764290442,203.88
1764290443,203.18
1764290444,203.55
1764290445,204.03
1764290446,203.74
1764290447,204.07
1764290448,203.42
1764290449,204.18
1764290450,203.58
1764290451,204.01
1764290452,203.58
1764290453,203.79
1764290454,204.16
1764290455,203.74
1764290456,204.15
1764290457,204.54
1764290458,204.06
1764290459,204.11
1764290460,204.19
1764290461,204.10
1764290462,204.29
1764290463,204.46
1764290464,204.17
1764290465,203.61
1764290466,203.90
1764290467,204.65
1764290468,204.31
1764290469,203.99
1764290470,250.50
1764290472,281.55
1764290473,317.51
1764290474,318.65
1764290475,317.92
1764290476,318.90
1764290477,318.44
1764290478,317.90
1764290479,316.50
1764290480,316.21
1764290481,312.68
1764290482,312.57
1764290483,309.32
1764290484,309.14
1764290485,305.15
1764290486,303.69
1764290487,295.94
1764290488,271.61
1764290489,246.10
1764290490,237.26
1764290491,236.93
1764290492,229.35
1764290493,220.37
1764290494,220.10
1764290495,220.92
1764290496,220.94
1764290497,221.56
1764290498,221.23
1764290499,221.24
1764290500,219.14
1764290501,214.22
1764290502,214.43
1764290503,214.43
1764290504,215.10
1764290505,214.66
1764290506,214.41
1764290507,214.35
1764290508,214.52
1764290510,215.29
1764290511,214.80
1764290512,215.05
1764290513,214.69
1764290514,214.85
1764290515,214.93
1764290516,214.99
1764290517,214.88
1764290518,215.38
1764290519,215.15
1764290520,214.96
1764290521,215.13
1764290522,214.92
1764290523,215.43
1764290524,214.61
1764290525,214.89
1764290526,214.45
1764290527,214.77
1764290528,214.54
1764290529,214.68
1764290530,215.24
1764290531,214.53
1764290532,214.32
1764290533,214.92
1764290534,205.76
1764290535,213.41
1764290536,143.15
1764290537,257.64
1764290538,314.75
1764290539,315.74
1764290540,314.14
1764290541,311.09
1764290542,310.76
1764290543,308.34
1764290544,304.97
1764290545,297.39
1764290546,275.42
1764290547,263.90
1764290549,260.70
1764290550,249.92
1764290551,242.01
1764290552,227.92
1764290553,222.26
1764290554,211.21
1764290555,210.03
1764290556,210.31
1764290557,209.76
1764290558,206.41
1764290559,202.07
1764290560,202.36
1764290561,201.89
1764290562,202.07
1764290563,202.03
1764290564,201.95
1764290565,202.09
1764290566,201.96
1764290567,201.52
1764290568,201.62
1764290569,202.15
1764290570,202.26
1764290571,201.76
1764290572,201.94
1764290573,202.42
1764290574,202.22
1764290575,202.49
1764290576,202.15
1764290577,202.09
1764290578,201.71
1764290579,201.53
1764290580,201.87
1764290581,202.20
1764290582,202.38
1764290583,202.28
1764290584,202.25
1764290585,201.93
1764290586,202.01
1764290588,201.82
1764290589,202.42
1764290590,202.00
1764290591,201.95
1764290592,202.22
1764290593,202.24
1764290594,201.99
1764290595,201.87
1764290596,201.95
1764290597,201.57
1764290598,201.35
1764290599,201.24
1764290600,201.68
1764290601,195.37
1764290602,198.45
1764290603,247.87
1764290604,316.28
1764290605,317.62
1764290606,317.64
1764290607,316.27
1764290608,315.40
1764290609,311.30
1764290610,309.42
1764290611,310.14
1764290612,297.85
1764290613,286.49
1764290614,270.10
1764290615,239.93
1764290616,203.74
1764290617,204.13
1764290618,203.55
1764290619,203.29
1764290620,199.82
1764290621,200.02
1764290622,199.67
1764290623,199.91
1764290624,199.85
1764290625,199.50
1764290627,199.51
1764290628,200.15
1764290629,199.40
1764290630,199.69
1764290631,199.98
1764290632,199.66
1764290633,199.60
1764290634,199.80
1764290635,199.36
1764290636,199.80
1764290637,199.94
1764290638,199.72
1764290639,199.64
1764290640,199.48
1764290641,199.77
1764290642,200.23
1764290643,199.80
1764290644,199.79
1764290645,199.87
1764290646,200.06
1764290647,199.92
1764290648,200.05
1764290649,199.91
1764290650,199.90
1764290651,200.33
1764290652,199.71
1764290653,199.78
1764290654,199.81
1764290655,199.85
1764290656,200.16
1764290657,200.05
1764290658,199.79
1764290659,199.67
1764290660,199.20
1764290661,199.46
1764290662,199.77
1764290663,199.88
1764290664,199.54
1764290666,199.85
1764290667,199.89
1764290668,191.73
1764290669,198.93
1764290670,318.20
1764290671,318.70
1764290672,318.78
1764290673,318.37
1764290674,318.47
1764290675,318.84
1764290676,315.80
1764290677,316.40
1764290678,298.66
1764290679,257.95
1764290680,257.70
1764290681,251.28
1764290682,247.43
1764290683,244.55
1764290684,245.12
1764290685,244.48
1764290686,243.62
1764290687,216.87
1764290688,215.58
1764290689,215.35
1764290690,215.51
1764290691,215.56
1764290692,214.93
1764290693,215.89
1764290694,214.70
1764290695,215.13
1764290696,215.32
1764290697,215.96
1764290698,218.11
1764290699,218.38
1764290700,217.65
1764290701,217.45
1764290702,217.23
1764290703,217.59
1764290704,217.96
1764290706,218.06
1764290707,218.06
1764290708,217.62
1764290709,217.36
1764290710,217.71
1764290711,217.60
1764290712,217.72
1764290713,217.28
1764290714,217.25
1764290715,217.52
1764290716,217.68
1764290717,217.78
1764290718,218.16
1764290719,217.44
1764290720,218.03
1764290721,217.82
1764290722,218.13
1764290723,218.43
1764290724,218.04
1764290725,217.94
1764290726,217.17
1764290727,217.30
1764290728,217.79
1764290729,218.05
1764290730,217.42
1764290731,217.36
1764290732,207.59
1764290733,200.98
1764290734,222.97
1764290735,223.10
1764290736,223.42
1764290737,222.93
1764290738,222.85
1764290739,223.21
1764290740,223.26
1764290741,223.46
1764290742,222.93
1764290743,222.83
1764290745,222.77
1764290746,222.81
1764290747,222.63
1764290748,222.67
1764290749,222.61
1764290750,222.95
1764290751,222.94
1764290752,222.84
1764290753,223.17
1764290754,223.59
1764290755,223.34
1764290756,223.23
1764290757,223.35
1764290758,222.96
1764290759,223.02
1764290760,222.95
1764290761,223.35
1764290762,223.24
1764290763,223.26
1764290764,223.22
1764290765,223.06
1764290766,222.72
1764290767,222.94
1764290768,223.44
1764290769,223.81
1764290770,223.11
1764290771,223.26
1764290772,223.28
1764290773,223.08
1764290774,223.04
1764290775,222.91
1764290776,223.21
1764290777,222.98
1764290778,223.47
1764290779,223.39
1764290780,223.37
1764290781,223.37
1764290782,223.47
1764290783,223.76
1764290785,223.75
1764290786,223.12
1764290787,223.41
1764290788,223.20
1764290789,223.23
1764290790,223.01
1764290791,223.06
1764290792,222.93
1764290793,223.18
1764290794,223.06
1764290795,222.90
1764290796,223.17
1764290797,214.08
1764290798,205.24
1764290799,230.61
1764290800,233.62
1764290801,233.49
1764290802,233.89
1764290803,233.81
1764290804,233.42
1764290805,233.86
1764290806,233.72
1764290807,232.58
1764290808,233.25
1764290809,233.72
1764290810,233.48
1764290811,233.01
1764290812,234.14
1764290813,233.35
1764290814,232.85
1764290815,233.67
1764290816,233.65
1764290817,233.51
1764290818,233.87
1764290819,234.70
1764290820,233.38
1764290821,232.98
1764290822,233.73
1764290824,233.10
1764290825,233.97
1764290826,233.28
1764290827,233.04
1764290828,232.58
1764290829,233.32
1764290830,229.46
1764290831,226.52
1764290832,226.98
1764290833,226.97
1764290834,227.37
1764290835,226.70
1764290836,226.91
1764290837,226.87
1764290838,226.87
1764290839,226.96
1764290840,226.44
1764290841,226.18
1764290842,226.36
1764290843,226.23
1764290844,226.74
1764290845,226.27
1764290846,220.07
1764290847,219.87
1764290848,219.92
1764290849,219.47
1764290850,219.95
1764290851,219.29
1764290852,219.10
1764290853,219.14
1764290854,219.76
1764290855,219.50
1764290856,219.59
1764290857,219.60
1764290858,219.88
1764290859,219.78
1764290860,220.11
1764290861,211.30
1764290862,199.80
1764290864,216.37
1764290865,224.88
1764290866,225.33
1764290867,225.27
1764290868,225.26
1764290869,225.28
1764290870,225.70
1764290871,225.01
1764290872,224.85
1764290873,224.68
1764290874,225.56
1764290875,225.00
1764290876,225.11
1764290877,225.84
1764290878,225.21
1764290879,225.45
1764290880,225.66
1764290881,225.54
1764290882,225.22
1764290883,225.24
1764290884,225.30
1764290885,225.20
1764290886,225.40
1764290887,225.44
1764290888,224.97
1764290889,225.60
1764290890,224.69
1764290891,224.93
1764290892,225.24
1764290893,225.87
1764290894,225.72
1764290895,224.96
1764290896,225.87
1764290897,224.84
1764290898,224.85
1764290899,225.26
1764290900,225.33
1764290901,224.89
1764290903,225.04
1764290904,225.64
1764290905,225.37
1764290906,225.45
1764290907,225.49
1764290908,225.15
1764290909,225.55
1764290910,225.84
1764290911,225.06
1764290912,225.31
1764290913,225.16
1764290914,225.39
1764290915,225.29
1764290916,224.65
1764290917,224.74
1764290918,224.88
1764290919,224.92
1764290920,224.72
1764290921,225.20
1764290922,225.05
1764290923,225.34
1764290924,224.99
1764290925,225.34
1764290926,215.32
1764290927,218.65
1764290928,206.79
1764290929,225.45
1764290930,225.46
1764290931,225.04
1764290932,225.57
1764290933,225.28
1764290934,225.26
1764290935,225.49
1764290936,225.24
1764290937,224.65
1764290938,224.79
1764290939,224.93
1764290941,225.13
1764290942,225.28
1764290943,224.56
1764290944,225.07
1764290945,225.21
1764290946,225.14
1764290947,225.24
1764290948,225.26
1764290949,224.88
1764290950,225.06
1764290951,225.14
1764290952,225.24
1764290953,225.38
1764290954,224.99
1764290955,225.38
1764290956,225.37
1764290957,225.09
1764290958,224.59
1764290959,225.00
1764290960,225.16
1764290961,224.50
1764290962,225.03
1764290963,225.85
1764290964,224.87
1764290965,225.04
1764290966,225.34
1764290967,224.95
1764290968,225.11
1764290969,225.00
1764290970,225.03
1764290971,225.23
1764290972,224.88
1764290973,225.41
1764290974,225.33
1764290975,225.68
1764290976,225.16
1764290977,225.34
1764290978,225.30
1764290979,225.60
1764290981,225.46
1764290982,225.31
1764290983,225.11
1764290984,225.42
1764290985,225.21
1764290986,225.05
1764290987,225.40
1764290988,225.14
1764290989,224.50
1764290990,225.38
1764290991,217.55
1764290992,214.04
1764290993,207.37
1764290994,225.13
1764290995,225.17
1764290996,225.65
1764290997,225.26
1764290998,225.08
1764290999,225.02
1764291000,225.55
1764291001,225.35
1764291002,225.52
1764291003,224.79
1764291004,225.04
1764291005,225.58
1764291006,225.85
1764291007,224.84
1764291008,225.16
1764291009,225.53
1764291010,225.38
1764291011,225.91
1764291012,225.44
1764291013,224.89
1764291014,225.14
1764291015,225.12
1764291016,224.98
1764291017,221.99
1764291018,220.64
1764291020,220.16
1764291021,220.24
1764291022,220.71
1764291023,220.85
1764291024,220.98
1764291025,221.24
1764291026,220.87
1764291027,221.06
1764291028,220.38
1764291029,220.55
1764291030,220.49
1764291031,220.65
1764291032,220.78
1764291033,220.64
1764291034,220.37
1764291035,220.08
1764291036,220.68
1764291037,220.49
1764291038,220.72
1764291039,220.47
1764291040,220.05
1764291041,220.64
1764291042,220.93
1764291043,220.51
1764291044,220.70
1764291045,220.94
1764291046,221.19
1764291047,220.75
1764291048,220.90
1764291049,220.51
1764291050,220.88
1764291051,220.65
1764291052,220.88
1764291053,220.81
1764291054,221.29
1764291055,220.86
1764291056,211.97
1764291057,201.69
1764291058,225.56
1764291060,225.86
1764291061,225.84
1764291062,226.09
1764291063,226.48
1764291064,226.06
1764291065,225.85
1764291066,226.16
1764291067,226.43
1764291068,225.47
1764291069,225.77
1764291070,225.56
1764291071,226.30
1764291072,226.04
1764291073,226.04
1764291074,226.63
1764291075,225.75
1764291076,225.74
1764291077,225.92
1764291078,226.48
1764291079,226.30
1764291080,226.46
1764291081,226.22
1764291082,226.16
1764291083,225.30
1764291084,225.72
1764291085,226.15
1764291086,225.97
1764291087,226.20
1764291088,226.50
1764291089,226.51
1764291090,225.97
1764291091,226.18
1764291092,226.08
1764291093,225.84
1764291094,225.79
1764291095,226.16
1764291096,226.00
1764291097,226.32
1764291099,226.12
1764291100,226.07
1764291101,226.40
1764291102,225.77
1764291103,225.43
1764291104,225.80
1764291105,225.96
1764291106,225.86
1764291107,225.57
1764291108,226.24
1764291109,225.76
1764291110,225.78
1764291111,225.74
1764291112,225.75
1764291113,226.14
1764291114,226.10
1764291115,225.79
1764291116,225.71
1764291117,225.88
1764291118,225.87
1764291119,226.12
1764291120,225.93
1764291121,216.02
1764291122,205.38
1764291123,227.60
1764291124,231.24
1764291125,230.81
1764291126,231.08
1764291127,230.52
1764291128,231.21
1764291129,231.27
1764291130,231.15
1764291131,230.89
1764291132,231.15
1764291133,231.22
1764291134,231.60
1764291135,231.57
1764291136,231.27
1764291138,231.00
1764291139,231.17
1764291140,231.07
1764291141,231.23
1764291142,230.97
1764291143,231.25
1764291144,231.49
1764291145,229.43
1764291146,226.87
1764291147,226.60
1764291148,226.66
1764291149,226.10
1764291150,222.02
1764291151,210.87
1764291152,198.24
1764291153,198.05
1764291154,197.79
1764291155,198.02
1764291156,197.48
1764291157,197.98
1764291158,198.00
1764291159,198.10
1764291160,197.54
1764291161,197.92
1764291162,197.94
1764291163,197.96
1764291164,197.93
1764291165,198.41
1764291166,198.17
1764291167,197.84
1764291168,197.89
1764291169,197.98
1764291170,198.45
1764291171,197.83
1764291172,197.77
1764291173,197.95
1764291174,198.09
1764291175,197.70
1764291176,198.02
1764291178,197.67
1764291179,198.29
1764291180,197.48
1764291181,198.05
1764291182,198.31
1764291183,198.18
1764291184,198.29
1764291185,198.36
1764291186,197.98
1764291187,197.90
1764291188,194.43
1764291189,154.68
1764291190,268.53
1764291191,317.17
1764291192,319.16
1764291193,318.12
1764291194,318.52
1764291195,317.28
1764291196,316.38
1764291197,316.77
1764291198,311.47
1764291199,293.36
1764291200,277.65
1764291201,277.59
1764291202,276.03
1764291203,262.31
1764291204,242.07
1764291205,235.75
1764291206,232.19
1764291207,218.70
1764291208,211.18
1764291209,202.94
1764291210,203.18
1764291211,203.71
1764291212,203.34
1764291213,203.55
1764291214,203.54
1764291215,203.07
1764291217,203.50
1764291218,203.38
1764291219,203.20
1764291220,203.74
1764291221,203.20
1764291222,203.36
1764291223,203.43
1764291224,203.38
1764291225,203.26
1764291226,203.35
1764291227,203.19
1764291228,202.57
1764291229,203.16
1764291230,203.60
1764291231,203.65
1764291232,203.41
1764291233,203.70
1764291234,203.38
1764291235,203.98
1764291236,203.86
1764291237,203.68
1764291238,203.28
1764291239,203.32
1764291240,203.32
1764291241,202.94
1764291242,203.51
1764291243,203.12
1764291244,203.16
1764291245,203.34
1764291246,203.34
1764291247,203.84
1764291248,202.77
1764291249,202.75
1764291250,203.18
1764291251,202.98
1764291252,202.86
1764291253,195.82
1764291254,185.24
1764291255,289.52
1764291257,317.37
1764291258,317.35
1764291259,317.83
1764291260,317.75
1764291261,314.93
1764291262,311.92
1764291263,311.42
1764291264,301.85
1764291265,292.30
1764291266,264.17
1764291267,247.51
1764291268,247.37
1764291269,229.97
1764291270,221.83
1764291271,213.83
1764291272,214.21
1764291273,214.38
1764291274,213.29
1764291275,212.73
1764291276,212.61
1764291277,212.17
1764291278,212.40
1764291279,211.36
1764291280,205.22
1764291281,205.09
1764291282,204.84
1764291283,204.99
1764291284,205.13
1764291285,205.17
1764291286,205.33
1764291287,204.90
1764291288,205.13
1764291289,204.87
1764291290,205.18
1764291291,205.19
1764291292,204.57
1764291293,204.98
1764291294,204.92
1764291296,205.10
1764291297,205.02
1764291298,204.83
1764291299,204.74
1764291300,204.97
1764291301,204.71
1764291302,205.16
1764291303,204.81
1764291304,204.56
1764291305,204.64
1764291306,204.80
1764291307,204.74
1764291308,204.65
1764291309,204.92
1764291310,204.73
1764291311,204.80
1764291312,204.54
1764291313,204.66
1764291314,204.49
1764291315,204.80
1764291316,204.93
1764291317,204.70
1764291318,204.99
1764291319,196.81
1764291320,188.71
1764291321,209.95
1764291322,210.17
1764291323,210.25
1764291324,210.20
1764291325,210.65
1764291326,210.14
1764291327,210.46
1764291328,210.44
1764291329,210.55
1764291330,210.25
1764291331,210.18
1764291332,209.98
1764291333,210.52
1764291334,210.29
1764291336,210.12
1764291337,210.34
1764291338,210.36
1764291339,210.78
1764291340,210.35
1764291341,210.61
1764291342,210.42
1764291343,210.58
1764291344,210.56
1764291345,210.32
1764291346,210.77
1764291347,210.30
1764291348,210.85
1764291349,211.08
1764291350,210.74
1764291351,210.82
1764291352,210.53
1764291353,210.76
1764291354,210.69
1764291355,210.68
1764291356,211.09
1764291357,210.99
1764291358,211.32
1764291359,210.80
1764291360,210.77
1764291361,210.37
1764291362,210.17
1764291363,210.18
1764291364,210.01
1764291365,209.39
1764291366,210.35
1764291367,210.77
1764291368,210.75
1764291369,210.43
1764291370,210.59
1764291371,210.29
1764291372,210.27
1764291373,210.48
1764291375,210.42
1764291376,210.40
1764291377,210.49
1764291378,210.49
1764291379,210.39
1764291380,210.24
1764291381,210.36
1764291382,210.48
1764291383,210.47
1764291384,210.20
1764291385,202.59
1764291386,207.51
1764291387,251.12
1764291388,317.94
1764291389,317.18
1764291390,318.37
1764291391,318.76
1764291392,317.47
1764291393,317.39
1764291394,314.01
1764291395,309.94
1764291396,297.32
1764291397,288.04
1764291398,289.94
1764291399,289.67
1764291400,288.84
1764291401,274.09
1764291402,228.96
1764291403,216.32
1764291404,204.06
1764291405,194.48
1764291406,194.45
1764291407,194.56
1764291408,194.88
1764291409,194.56
1764291410,194.31
1764291411,194.49
1764291412,194.32
1764291413,194.17
1764291415,194.11
1764291416,194.22
1764291417,194.20
1764291418,194.52
1764291419,194.62
1764291420,194.50
1764291421,194.29
1764291422,194.68
1764291423,194.93
1764291424,194.93
1764291425,194.20
1764291426,194.73
1764291427,194.68
1764291428,194.48
1764291429,194.13
1764291430,194.50
1764291431,194.02
1764291432,194.19
1764291433,194.39
1764291434,194.17
1764291435,194.10
1764291436,194.12
1764291437,194.64
1764291438,194.53
1764291439,194.69
1764291440,194.77
1764291441,194.77
1764291442,194.65
1764291443,194.21
1764291444,193.95
1764291445,193.79
1764291446,193.90
1764291447,194.21
1764291448,194.34
1764291449,194.44
1764291450,194.24
1764291451,189.23
1764291452,189.32
1764291454,256.70
1764291455,317.35
1764291456,317.84
1764291457,316.90
1764291458,317.17
1764291459,317.88
1764291460,316.19
1764291461,315.44
1764291462,311.10
1764291463,312.77
1764291464,307.32
1764291465,306.06
1764291466,302.34
1764291467,285.74
1764291468,236.31
1764291469,209.84
1764291470,210.31
1764291471,210.28
1764291472,209.12
1764291473,206.72
1764291474,206.54
1764291475,205.96
1764291476,206.37
1764291477,206.19
1764291478,205.94
1764291479,206.02
1764291480,205.36
1764291481,206.18
1764291482,205.81
1764291483,206.08
1764291484,205.54
1764291485,206.26
1764291486,205.89
1764291487,205.84
1764291488,205.83
1764291489,206.24
1764291490,206.20
1764291491,206.09
1764291493,205.96
1764291494,205.91
1764291495,205.87
1764291496,205.48
1764291497,205.99
1764291498,205.47
1764291499,205.58
1764291500,205.28
1764291501,205.71
1764291502,205.95
1764291503,204.96
1764291504,205.64
1764291505,205.35
1764291506,205.62
1764291507,205.56
1764291508,205.33
1764291509,205.89
1764291510,205.38
1764291511,205.49
1764291512,204.98
1764291513,205.20
1764291514,205.94
1764291515,205.79
1764291516,205.82
1764291517,197.92
1764291518,189.88
1764291519,309.26
1764291520,317.64
1764291521,316.70
1764291522,316.74
1764291523,312.76
1764291524,312.72
1764291525,306.89
1764291526,260.39
1764291527,246.14
1764291528,222.45
1764291529,221.08
1764291530,220.87
1764291531,216.68
1764291533,212.36
1764291534,206.57
1764291535,204.85
1764291536,184.57
1764291537,184.18
1764291538,183.30
1764291539,183.29
1764291540,183.95
1764291541,184.04
1764291542,183.48
1764291543,184.39
1764291544,184.34
1764291545,184.05
1764291546,183.91
1764291547,184.25
1764291548,184.40
1764291549,183.46
1764291550,184.02
1764291551,184.30
1764291552,183.65
1764291553,183.96
1764291554,183.96
1764291555,184.12
1764291556,183.88
1764291557,184.12
1764291558,184.45
1764291559,183.85
1764291560,183.62
1764291561,184.52
1764291562,184.46
1764291563,184.09
1764291564,183.63
1764291565,184.22
1764291566,184.09
1764291567,184.25
1764291568,184.11
1764291569,184.38
1764291570,184.52
1764291572,184.25
1764291573,184.45
1764291574,184.64
1764291575,183.88
1764291576,183.99
1764291577,183.92
1764291578,184.21
1764291579,183.70
1764291580,184.12
1764291581,183.57
1764291582,183.88
1764291583,184.11
1764291584,183.11
1764291585,183.51
1764291586,179.60
1764291587,179.72
1764291588,304.54
1764291589,316.64
1764291590,316.89
1764291591,317.40
1764291592,317.63
1764291593,318.24
1764291594,317.75
1764291595,317.92
1764291596,316.96
1764291597,316.85
1764291598,315.33
1764291599,311.12
1764291600,314.73
1764291601,290.56
1764291602,260.29
1764291603,252.93
1764291604,252.85
1764291605,252.54
1764291606,250.63
1764291607,250.82
1764291608,251.25
1764291609,251.15
1764291611,239.46
1764291612,231.89
1764291613,231.67
1764291614,232.51
1764291615,231.85
1764291616,232.05
1764291617,232.24
1764291618,220.07
1764291619,206.38
1764291620,201.88
1764291621,202.36
1764291622,202.44
1764291623,201.81
1764291624,202.25
1764291625,202.48
1764291626,201.88
1764291627,202.13
1764291628,202.20
1764291629,202.41
1764291630,202.17
1764291631,202.00
1764291632,202.19
1764291633,202.35
1764291634,202.64
1764291635,202.26
1764291636,201.69
1764291637,201.94
1764291638,202.04
1764291639,201.91
1764291640,202.00
1764291641,201.83
1764291642,202.00
1764291643,202.04
1764291644,202.08
1764291645,201.28
1764291646,202.33
1764291647,202.27
1764291649,202.21
1764291650,202.40
1764291651,195.49
1764291652,194.49
1764291653,190.37
1764291654,207.20
1764291655,207.09
1764291656,207.72
1764291657,207.20
1764291658,207.27
1764291659,206.38
1764291660,206.68
1764291661,206.66
1764291662,207.49
1764291663,207.08
1764291664,207.10
1764291665,207.16
1764291666,207.18
1764291667,206.92
1764291668,206.88
1764291669,207.02
1764291670,206.44
1764291671,207.28
1764291672,206.93
1764291673,207.14
1764291674,206.55
1764291675,206.99
1764291676,207.27
1764291677,206.22
1764291678,206.35
1764291679,206.78
1764291680,207.37
1764291681,206.92
1764291682,207.26
1764291683,206.91
1764291684,206.95
1764291685,207.28
1764291686,206.91
1764291687,207.13
1764291689,206.69
1764291690,206.93
1764291691,206.61
1764291692,206.52
1764291693,206.42
1764291694,207.28
1764291695,206.82
1764291696,206.50
1764291697,206.64
1764291698,206.86
1764291699,206.97
1764291700,206.18
1764291701,206.75
1764291702,206.62
1764291703,207.35
1764291704,206.58
1764291705,206.67
1764291706,207.00
1764291707,207.19
1764291708,207.51
1764291709,206.30
1764291710,206.75
1764291711,206.27
1764291712,206.96
1764291713,207.06
1764291714,206.62
1764291715,207.71
1764291716,206.79
1764291717,199.58
1764291718,190.60
1764291719,317.74
1764291720,318.39
1764291721,317.60
1764291722,316.84
1764291723,317.29
1764291724,316.90
1764291725,315.09
1764291726,311.13
1764291728,310.00
1764291729,307.67
1764291730,307.70
1764291731,296.09
1764291732,291.20
1764291733,291.34
1764291734,272.35
1764291735,248.12
1764291736,236.27
1764291737,228.78
1764291738,224.54
1764291739,213.38
1764291740,213.82
1764291741,213.48
1764291742,213.48
1764291743,213.53
1764291744,213.02
1764291745,213.22
1764291746,213.18
1764291747,213.18
1764291748,213.03
1764291749,213.74
1764291750,213.81
1764291751,213.46
1764291752,213.34
1764291753,213.71
1764291754,212.56
1764291755,212.70
1764291756,213.39
1764291757,213.05
1764291758,213.79
1764291759,213.92
1764291760,213.06
1764291761,213.87
1764291762,213.70
1764291763,213.29
1764291764,212.98
1764291765,213.27
1764291767,213.78
1764291768,214.02
1764291769,213.33
1764291770,212.90
1764291771,212.75
1764291772,213.63
1764291773,213.54
1764291774,213.65
1764291775,213.37
1764291776,213.62
1764291777,213.73
1764291778,214.18
1764291779,213.72
1764291780,213.50
1764291781,213.49
1764291782,207.39
1764291783,194.45
1764291784,217.37
1764291785,218.79
1764291786,219.05
1764291787,218.86
1764291788,218.65
1764291789,218.85
1764291790,218.46
1764291791,218.68
1764291792,219.08
1764291793,218.75
1764291794,218.54
1764291795,218.94
1764291796,218.58
1764291797,218.53
1764291798,218.48
1764291799,218.45
1764291800,218.77
1764291801,218.84
1764291802,218.71
1764291803,218.55
1764291805,219.00
1764291806,218.76
1764291807,218.73
1764291808,218.87
1764291809,218.50
1764291810,219.01
1764291811,219.22
1764291812,219.26
1764291813,218.49
1764291814,218.67
1764291815,219.27
1764291816,218.83
1764291817,218.71
1764291818,218.63
1764291819,218.95
1764291820,218.33
1764291821,218.47
1764291822,219.04
1764291823,219.22
1764291824,219.40
1764291825,219.54
1764291826,219.24
1764291827,219.34
1764291828,219.26
1764291829,218.75
1764291830,219.27
1764291831,219.19
1764291832,219.70
1764291833,219.59
1764291834,219.16
1764291835,219.24
1764291836,219.46
1764291837,219.10
1764291838,219.12
1764291839,219.59
1764291840,219.22
1764291841,219.54
1764291842,219.35
1764291844,219.39
1764291845,218.98
1764291846,218.81
1764291847,219.17
1764291848,210.90
1764291849,166.54
1764291850,261.54
1764291851,314.93
1764291852,314.22
1764291853,314.28
1764291854,311.12
1764291855,309.89
1764291856,311.41
1764291857,295.68
1764291858,272.76
1764291859,255.90
1764291860,249.76
1764291861,243.29
1764291862,245.21
1764291863,238.09
1764291864,234.65
1764291865,229.38
1764291866,210.16
1764291867,209.24
1764291868,202.13
1764291869,201.44
1764291870,201.79
1764291871,202.30
1764291872,201.84
1764291873,201.70
1764291874,202.05
1764291875,201.94
1764291876,201.78
1764291877,202.26
1764291878,202.24
1764291879,201.52
1764291880,201.98
1764291881,201.74
1764291883,202.02
1764291884,201.60
1764291885,201.87
1764291886,201.90
1764291887,201.95
1764291888,202.61
1764291889,201.81
1764291890,202.19
1764291891,202.26
1764291892,202.35
1764291893,201.81
1764291894,202.09
1764291895,202.23
1764291896,201.79
1764291897,202.21
1764291898,202.07
1764291899,201.67
1764291900,202.20
1764291901,201.87
1764291902,201.58
1764291903,201.77
1764291904,201.80
1764291905,201.78
1764291906,201.88
1764291907,202.48
1764291908,201.33
1764291909,201.48
1764291910,201.98
1764291911,201.82
1764291912,201.87
1764291913,199.10
1764291914,193.34
1764291915,187.86
1764291916,206.49
1764291917,207.21
1764291918,207.53
1764291919,207.49
1764291920,207.14
1764291921,207.67
1764291923,207.40
1764291924,206.69
1764291925,206.74
1764291926,208.04
1764291927,207.28
1764291928,206.72
1764291929,207.72
1764291930,207.17
1764291931,207.41
1764291932,207.08
1764291933,207.79
1764291934,207.27
1764291935,207.21
1764291936,207.38
1764291937,207.24
1764291938,207.45
1764291939,206.65
1764291940,207.80
1764291941,207.38
1764291942,206.70
1764291943,207.38
1764291944,207.20
1764291945,207.17
1764291946,207.32
1764291947,207.76
1764291948,207.53
1764291949,207.30
1764291950,207.64
1764291951,207.50
1764291952,207.44
1764291953,207.32
1764291954,207.35
1764291955,208.20
1764291956,208.19
1764291957,207.76
1764291958,206.94
1764291959,207.29
1764291960,207.65
1764291962,207.04
1764291963,207.71
1764291964,207.77
1764291965,207.72
1764291966,207.28
1764291967,207.74
1764291968,207.07
1764291969,207.77
1764291970,206.94
1764291971,207.69
1764291972,208.12
1764291973,207.52
1764291974,206.96
1764291975,207.86
1764291976,207.29
1764291977,206.77
1764291978,206.96
1764291979,207.28
1764291980,199.43
1764291981,197.27
1764291982,272.82
1764291983,317.92
1764291984,317.11
1764291985,317.42
1764291986,317.33
1764291987,317.60
1764291988,316.97
1764291989,313.82
1764291990,312.13
1764291991,297.34
1764291992,281.90
1764291993,271.03
1764291994,267.80
1764291995,266.54
1764291996,261.37
1764291997,256.50
1764291998,255.06
1764291999,255.89
1764292001,245.59
1764292002,238.04
1764292003,229.04
1764292004,219.13
1764292005,207.38
1764292006,205.86
1764292007,205.31
1764292008,205.62
1764292009,205.43
1764292010,205.82
1764292011,205.73
1764292012,205.58
1764292013,205.83
1764292014,205.54
1764292015,205.13
1764292016,205.66
1764292017,205.23
1764292018,205.50
1764292019,205.54
1764292020,205.46
1764292021,205.31
1764292022,205.09
1764292023,205.33
1764292024,205.37
1764292025,204.92
1764292026,205.13
1764292027,205.19
1764292028,204.80
1764292029,204.96
1764292030,205.36
1764292031,204.96
1764292032,204.88
1764292033,204.81
1764292034,204.92
1764292035,204.74
1764292036,205.07
1764292037,204.59
1764292038,205.03
1764292040,204.81
1764292041,205.41
1764292042,204.83
1764292043,205.05
1764292044,205.14
1764292045,204.47
1764292046,197.55
1764292047,190.92
1764292048,215.53
1764292049,215.92
1764292050,215.89
1764292051,216.07
1764292052,216.07
1764292053,215.68
1764292054,215.73
1764292055,215.93
1764292056,216.35
1764292057,215.93
1764292058,216.13
1764292059,215.82
1764292060,216.37
1764292061,216.18
1764292062,216.41
1764292063,216.28
1764292064,215.83
1764292065,215.87
1764292066,215.85
1764292067,216.21
1764292068,216.14
1764292069,215.85
1764292070,216.23
1764292071,216.29
1764292072,216.03
1764292073,215.96
1764292074,215.97
1764292075,216.14
1764292076,215.93
1764292077,216.12
1764292078,215.82
1764292080,215.71
1764292081,216.36
1764292082,215.73
1764292083,215.96
1764292084,216.44
1764292085,216.36
1764292086,216.13
1764292087,216.30
1764292088,215.76
1764292089,216.13
1764292090,216.24
1764292091,216.20
1764292092,216.42
1764292093,216.21
1764292094,215.96
1764292095,216.25
1764292096,215.95
1764292097,215.73
1764292098,216.11
1764292099,216.40
1764292100,216.58
1764292101,215.85
1764292102,216.21
1764292103,216.52
1764292104,216.48
1764292105,216.35
1764292106,216.70
1764292107,216.36
1764292108,216.54
1764292109,216.17
1764292110,216.07
1764292111,207.21
1764292112,196.50
1764292113,221.51
1764292114,220.89
1764292115,221.56
1764292116,221.60
1764292117,220.93
1764292119,220.84
1764292120,220.96
1764292121,221.28
1764292122,221.59
1764292123,221.16
1764292124,221.41
1764292125,221.32
1764292126,221.55
1764292127,220.97
1764292128,221.38
1764292129,220.80
1764292130,220.94
1764292131,221.18
1764292132,220.93
1764292133,221.09
1764292134,220.92
1764292135,221.04
1764292136,221.19
1764292137,221.43
1764292138,221.14
1764292139,221.30
1764292140,221.40
1764292141,220.58
1764292142,220.77
1764292143,221.81
1764292144,220.59
1764292145,220.81
1764292146,220.84
1764292147,220.79
1764292148,221.11
1764292149,221.01
1764292150,221.24
1764292151,221.30
1764292152,221.00
1764292153,221.13
1764292154,220.98
1764292155,221.15
1764292156,221.14
1764292158,220.77
1764292159,220.93
1764292160,221.33
1764292161,220.52
1764292162,220.84
1764292163,221.21
1764292164,221.59
1764292165,220.60
1764292166,221.06
1764292167,221.28
1764292168,220.98
1764292169,221.15
1764292170,221.16
1764292171,221.39
1764292172,220.97
1764292173,221.29
1764292174,220.86
1764292175,221.02
1764292176,213.20
1764292177,206.55
1764292178,212.88
1764292179,231.16
1764292180,231.48
1764292181,231.28
1764292182,231.14
1764292183,231.18
1764292184,231.18
1764292185,230.74
1764292186,231.45
1764292187,231.08
1764292188,230.89
1764292189,231.03
1764292190,230.93
1764292191,230.90
1764292192,230.91
1764292193,231.32
1764292194,231.38
1764292195,231.37
1764292197,231.08
1764292198,231.45
1764292199,231.57
1764292200,231.85
1764292201,231.01
1764292202,231.51
1764292203,231.30
1764292204,231.81
1764292205,231.57
1764292206,231.58
1764292207,231.40
1764292208,231.51
1764292209,231.83
1764292210,231.87
1764292211,231.78
1764292212,231.23
1764292213,231.65
1764292214,232.15
1764292215,231.84
1764292216,231.41
1764292217,231.49
1764292218,231.72
1764292219,231.54
1764292220,231.64
1764292221,231.60
1764292222,231.69
1764292223,231.64
1764292224,231.42
1764292225,231.77
1764292226,231.34
1764292227,231.85
1764292228,231.74
1764292229,231.84
1764292230,231.87
1764292231,231.94
1764292232,231.64
1764292233,231.59
1764292234,231.59
1764292235,231.60
1764292237,227.81
1764292238,223.62
1764292239,223.19
1764292240,223.81
1764292241,214.95
1764292242,201.22
1764292243,223.52
1764292244,224.11
1764292245,223.31
1764292246,223.67
1764292247,223.93
1764292248,223.63
1764292249,223.76
1764292250,223.77
1764292251,223.44
1764292252,223.69
1764292253,223.79
1764292254,224.03
1764292255,223.91
1764292256,223.81
1764292257,223.53
1764292258,223.62
1764292259,223.70
1764292260,223.83
1764292261,224.15
1764292262,223.99
1764292263,224.27
1764292264,224.23
1764292265,224.17
1764292266,223.97
1764292267,223.68
1764292268,223.90
1764292269,223.87
1764292270,224.00
1764292271,224.51
1764292272,223.86
1764292273,223.50
1764292274,223.92
1764292276,224.39
1764292277,223.89
1764292278,223.71
1764292279,223.42
1764292280,223.57
1764292281,224.04
1764292282,223.34
1764292283,223.56
1764292284,223.82
1764292285,223.26
1764292286,223.31
1764292287,223.23
1764292288,223.24
1764292289,223.72
1764292290,223.38
1764292291,223.52
1764292292,223.30
1764292293,223.59
1764292294,223.69
1764292295,223.26
1764292296,223.33
1764292297,223.28
1764292298,223.24
1764292299,223.17
1764292300,223.63
1764292301,223.11
1764292302,223.20
1764292303,223.26
1764292304,223.18
1764292305,214.35
1764292306,220.53
1764292307,204.66
1764292308,228.29
1764292309,228.45
1764292310,229.46
1764292311,228.78
1764292312,228.54
1764292313,228.91
1764292315,228.30
1764292316,228.21
1764292317,228.78
1764292318,229.18
1764292319,229.02
1764292320,228.73
1764292321,229.19
1764292322,229.21
1764292323,228.26
1764292324,228.56
1764292325,228.78
1764292326,228.88
1764292327,228.74
1764292328,228.71
1764292329,220.01
1764292330,215.06
1764292331,215.65
1764292332,215.75
1764292333,216.10
1764292334,216.04
1764292335,215.77
1764292336,216.03
1764292337,215.73
1764292338,215.57
1764292339,215.95
1764292340,215.73
1764292341,215.62
1764292342,215.38
1764292343,215.95
1764292344,215.60
1764292345,215.96
1764292346,215.45
1764292347,215.47
1764292348,215.62
1764292349,214.98
1764292350,215.70
1764292351,215.55
1764292352,215.86
1764292353,215.72
1764292355,215.93
1764292356,215.58
1764292357,215.28
1764292358,215.27
1764292359,215.98
1764292360,215.56
1764292361,215.55
1764292362,215.53
1764292363,215.34
1764292364,215.03
1764292365,215.12
1764292366,214.86
1764292367,215.64
1764292368,215.40
1764292369,215.60
1764292370,215.71
1764292371,207.32
1764292372,193.86
1764292373,313.71
1764292374,317.73
1764292375,317.35
1764292376,316.19
1764292377,296.97
1764292378,298.56
1764292379,291.12
1764292380,277.29
1764292381,273.01
1764292382,268.81
1764292383,258.74
1764292384,236.80
1764292385,210.56
1764292386,205.40
1764292387,199.93
1764292388,199.73
1764292389,199.39
1764292390,199.38
1764292391,199.58
1764292393,199.58
1764292394,200.01
1764292395,199.80
1764292396,199.76
1764292397,199.58
1764292398,199.92
1764292399,199.94
1764292400,199.30
1764292401,199.85
1764292402,199.96
1764292403,199.90
1764292404,199.82
1764292405,199.51
1764292406,200.27
1764292407,200.83
1764292408,200.13
1764292409,199.51
1764292410,199.90
1764292411,199.62
1764292412,199.85
1764292413,200.69
1764292414,200.02
1764292415,199.99
1764292416,200.10
1764292417,199.98
1764292418,199.72
1764292419,200.21
1764292420,199.97
1764292421,200.09
1764292422,200.01
1764292423,200.37
1764292424,200.22
1764292425,200.01
1764292426,200.02
1764292427,199.92
1764292428,199.21
1764292429,199.84
1764292430,199.98
1764292431,200.34
1764292433,199.99
1764292434,200.53
1764292435,199.86
1764292436,200.16
1764292437,199.98
1764292438,192.30
1764292439,219.67
1764292440,317.57
1764292441,317.08
1764292442,317.06
1764292443,316.50
1764292444,318.09
1764292445,318.11
1764292446,313.48
1764292447,311.84
1764292448,308.54
1764292449,308.02
1764292450,281.85
1764292451,277.55
1764292452,271.37
1764292453,266.27
1764292454,256.39
1764292455,224.76
1764292456,203.33
1764292457,202.97
1764292458,202.92
1764292459,203.34
1764292460,202.90
1764292461,202.70
1764292462,203.07
1764292463,202.48
1764292464,202.97
1764292465,202.68
1764292466,202.44
1764292467,202.55
1764292468,202.15
1764292469,202.48
1764292471,202.35
1764292472,202.95
1764292473,202.31
1764292474,202.56
1764292475,202.32
1764292476,202.89
1764292477,203.29
1764292478,202.89
1764292479,203.13
1764292480,202.54
1764292481,202.62
1764292482,201.81
1764292483,202.30
1764292484,202.51
1764292485,202.50
1764292486,202.36
1764292487,202.40
1764292488,202.80
1764292489,202.59
1764292490,202.72
1764292491,202.97
1764292492,202.50
1764292493,202.24
1764292494,202.52
1764292495,202.48
1764292496,202.92
1764292497,202.74
1764292498,203.00
1764292499,203.16
1764292500,202.63
1764292501,202.85
1764292502,200.74
1764292503,196.34
1764292504,145.87
1764292505,125.30
1764292506,100.26
1764292507,96.96
1764292509,96.84
1764292510,96.38
1764292511,96.16
1764292512,96.02
1764292513,95.92
1764292514,95.57
1764292515,95.39
1764292516,95.31
1764292517,95.05
1764292518,94.88
1764292519,94.79
1764292520,94.63
1764292521,94.53
1764292522,94.44
1764292523,17.02
1764292524,15.61
1764292525,13.07
1764292526,11.21
1764292527,80.60
1764292529,80.37
1764292531,80.31
1764292532,88.66
1764292533,87.85
1764292534,204.47
1764292535,294.26
1764292536,297.29
1764292537,302.07
1764292538,298.27
1764292539,301.57
1764292541,300.79
1764292542,299.00
1764292543,302.19
1764292544,298.99
1764292545,301.58
1764292546,296.78
1764292547,299.98
1764292548,300.10
1764292549,301.00
1764292550,298.03
1764292551,297.93
1764292552,298.47
1764292553,297.51
1764292554,290.78
1764292555,290.42
1764292556,285.86
1764292557,297.67
1764292558,293.48
1764292559,285.18
1764292560,289.37
1764292561,278.49
1764292562,288.93
1764292563,290.26
1764292564,287.48
1764292565,287.49
1764292566,290.47
1764292567,282.88
1764292568,284.84
1764292569,285.21
1764292570,282.09
1764292571,281.20
1764292572,280.48
1764292573,284.05
1764292574,283.60
1764292575,288.75
1764292576,266.68
1764292577,287.04
1764292579,284.98
1764292580,277.09
1764292581,272.58
1764292582,281.75
1764292583,280.05
1764292584,270.08
1764292585,277.94
1764292586,264.04
1764292587,274.96
1764292588,276.77
1764292589,268.75
1764292590,269.42
1764292591,276.22
1764292592,272.82
1764292593,273.01
1764292594,270.23
1764292595,276.01
1764292596,271.67
1764292597,275.32
1764292598,264.55
1764292599,270.56
1764292600,269.90
1764292601,275.75
1764292602,202.50
1764292603,185.26
1764292604,263.36
1764292605,269.86
1764292606,275.88
1764292607,271.07
1764292608,274.64
1764292609,271.39
1764292610,269.99
1764292611,265.53
1764292612,274.36
1764292613,272.94
1764292614,272.14
1764292616,184.98
1764292617,130.24
1764292618,110.48
1764292619,102.25
1764292620,101.68
1764292621,101.24
1764292622,100.66
1764292623,100.35
1764292624,100.06
1764292625,99.94
1764292626,99.46
1764292627,99.04
1764292628,98.81
1764292629,98.45
1764292630,88.13
1764292632,87.31
1764292634,96.05
1764292635,181.48
1764292636,203.04
1764292637,204.38
1764292638,204.73
1764292639,204.44
1764292640,206.08
1764292641,207.36
1764292642,209.16
1764292643,211.31
1764292644,213.60
